Column_1,Column_2,Column_3,Column_4,Column_5
0.7813981965222148,0.4563802257211659,0.2675880738871138,0.3521416157892928,0.9361807852144762
0.48241108914700803,0.6961542769078125,0.5645031996159895,0.10738219779891334,0.4735464716282781
0.8681556038993241,0.0036477726103411046,0.3341869055764872,0.23788912102034776,0.9973022534701698
0.505583403708532,0.5977763401576557,0.8604963591221441,0.1183463674482591,0.8863924749694367
0.4646909199934377,0.19003413907936695,0.9844333946250732,0.2871902086291801,0.17308578937982233
0.27715417473804904,0.9523812996200675,0.2310794896088031,0.46508852231044573,0.6186313684460112
0.15102241249815818,0.9094491900029069,0.1470024291555697,0.7068936673005524,0.19103759438780255
0.25010204989371376,0.8818448975530537,0.591299257248752,0.3686617550621676,0.20662184828849617
0.9448889695196139,0.5264271710310338,0.6490764608386266,0.20127894417476166,0.6766370725439135
0.8049510622467407,0.40121267543170946,0.6458517252160186,0.8695231879542514,0.8030931825982918
0.010747187096250443,0.4825990569740942,0.10319899385026499,0.6234744576925978,0.4250716274295643
0.9310973841962387,0.42701808499525773,0.7280164066476275,0.5754108414401106,0.8578946742397227
0.1784679322905649,0.5037478087950625,0.5956649603922658,0.8491869413753717,0.6888323100086077
0.18243461439395225,0.6663506559256213,0.3469105848198565,0.5645848987243779,0.7341177245232318
0.9136277687431107,0.30650275297754004,0.8135566563130379,0.33849701726251746,0.968458290607843
0.6032228959648428,0.8470755346635745,0.04082503860060738,0.13754520220160638,0.764441222588598
0.36327753372411076,0.7499968630303595,0.9520064899931937,0.9531469608421514,0.33124439732144106
0.4258277144777586,0.9398936103168886,0.9307899553508969,0.7952551443072045,0.2694414541057043
0.6387096354548356,0.6772426748187076,0.3842848173505593,0.34359746956144654,0.9461446577428528
0.213405539112545,0.9296884925939667,0.38758759333416015,0.9868577828634724,0.774673207827004
0.2836721103220339,0.39081231237384584,0.8095846975639278,0.21577421805179464,0.6283602829509558
0.24865186331916345,0.8884725062111194,0.9624379715164436,0.12822806348231575,0.6172963361212745
0.21690986042246918,0.36413296789232197,0.33210226505151896,0.5098508562150513,0.11536207206100635
0.6624261545170367,0.9289311724828356,0.038588186472797825,0.3052783457819974,0.6236933932923546
0.25796578008490656,0.07778777173020612,0.7808312744970829,0.20359335550073498,0.4268709209863709
0.19590861309087781,0.5589476775547233,0.5302757109649175,0.8751273116590114,0.3337958493328722
0.1423742194917167,0.25603366785214743,0.20456003877943485,0.3729650028611031,0.3582792094875399
0.6343677521774894,0.8333705556585159,0.7898377395226308,0.011440653309323201,0.2717567032830591
0.1175231407100733,0.3759240398372127,0.17387903722466636,0.26668764770330133,0.7338233413305423
0.7803890390546838,0.6654916928041656,0.5539239607731499,0.27100900604509803,0.5375123724391684
0.002107059462718275,0.6493326617651315,0.6813458345212139,0.6220859089073467,0.28272505382242596
0.7038620134259997,0.5471632299166957,0.20277681703431416,0.12125098439458837,0.13014656586260342
0.2766421477368518,0.9722792516806869,0.9128176360641981,0.8371217340312287,0.3204640104205939
0.7201326762789236,0.06971447355414384,0.052174625463698665,0.29253413737808687,0.3001163086075874
0.46775637368848866,0.1351727774341267,0.4484102278625567,0.9493450929705909,0.265105018758665
0.14743213111862563,0.5916971453569878,0.9022145979608691,0.018492038835163704,0.008544618831972661
0.07892682361420722,0.9666079414571952,0.2998299717996826,0.0749250627632504,0.9614499469052322
0.12337989835772001,0.428727390038511,0.47558778079602093,0.00907641202695686,0.9534650091875992
0.6037883881709716,0.6700966463199248,0.650880650958742,0.8786165393021532,0.7747260862653983
0.02704320747598854,0.29426145351500754,0.11446591792614635,0.09268692952336066,0.3880503710470439
0.5954819020590711,0.5379357296892403,0.520070274938272,0.33501759718221336,0.7640536919686082
0.20610963686131478,0.14656838730074417,0.5380879262790259,0.8969014107889083,0.230712288725045
0.0780325486200818,0.774285354820734,0.8674553451877751,0.5087429072145557,0.1649711272022093
0.012933234178761577,0.6583784489181916,0.3654506191176867,0.20258464834998946,0.97083331790632
0.1135216092817346,0.863384064632928,0.06796340308996685,0.61033707241566,0.2881216471454292
0.25099668700020883,0.4605808261938399,0.39365296796339333,0.6512588354048877,0.9744814124633673
0.6480741578990016,0.5248624357917058,0.4768329052599949,0.9282434608628923,0.39849795338276983
0.95622064324705,0.2981455887374518,0.8734131728138051,0.7844719472870487,0.4803675266903189
0.025556591737883494,0.8214438438760707,0.5638861466871629,0.8431793256411255,0.543170133581562
0.7025205791940445,0.33296102332790234,0.983866942682411,0.11947847446669102,0.5484298753776167
0.9615664506280773,0.15100567772960216,0.41234605876408803,0.8870497749575453,0.8456712716178212
0.6473841166096547,0.6105245087771594,0.5223560005044965,0.31440306299184906,0.7268401543438293
0.995504383096418,0.6628829864304847,0.38583401168831144,0.8229299288292293,0.5867824811243483
0.948265052708652,0.3440642587208448,0.46713595142641084,0.9297872870881594,0.4826016363452401
0.9457398903283151,0.362194771136929,0.3797454034228862,0.8491087867425978,0.19788081253605372
0.05733183292153543,0.35166978289556605,0.6472820270855515,0.6346499228423358,0.9254936823648385
0.8228041354272421,0.47136782873279703,0.4478554105336182,0.1611706006280681,0.7440346612931908
0.4251671177203611,0.7984413765646977,0.4752388707193683,0.4991759107923657,0.8693307063529394
0.12875798812861516,0.09455063103457395,0.48839231256359217,0.3912772323398722,0.5132068752338469
0.31433629276353736,0.07885267533626883,0.7082908604931583,0.4817762928843361,0.4075303274902524
0.20138352125691428,0.45608953398481167,0.13638693465035578,0.29393695525074126,0.36540716264794737
0.4587456036286395,0.026963978906178854,0.2673298195800299,0.686146516650151,0.686811439155182
0.6495799056084978,0.8429127075092224,0.7966339573689316,0.45341286273398385,0.24752438935949272
0.6365321585396146,0.3533445100062441,0.12611886946328243,0.9572574675257869,0.24658840112751257
0.3754945379508262,0.3055545364752136,0.9165095388450366,0.1919545623249319,0.2765527021475348
0.33970860302554307,0.7955044661379734,0.6901135729259087,0.509415070590106,0.641434153776115
0.9366475128022903,0.8130646984658929,0.6074567353547349,0.755599011356003,0.29702866540967054
0.8606159785304738,0.16743508321312217,0.8318913113463638,0.8996671518487389,0.28830553113653146
0.09727186674621302,0.24236378958168192,0.543043805920863,0.2366246875970882,0.8766569629554225
0.11241351086842832,0.2615195922629815,0.9460194673099053,0.45074267002379076,0.20610936753825992
0.17021667535987928,0.3503028423206066,0.5143155863567119,0.7536103819923133,0.2731946026469312
0.5783448828615871,0.35941348874720824,0.6064309509941869,0.06587775178596067,0.16099517645091344
0.30721814941641346,0.8873950816339784,0.8412631695914554,0.8551990758383021,0.996955633764823
0.09645410536353183,0.6558561278768965,0.47174352231787786,0.9939939606365154,0.5224803505881213
0.2824880046529741,0.40993189396891005,0.9575213073658743,0.5431445780375578,0.5956092110541905
0.963013308230683,0.03382611963580051,0.5186669855862018,0.765427712425714,0.6754736214662559
0.8206213457424183,0.310696449256773,0.5799108463709063,0.9695929516709724,0.7196596709855069
0.7932954215792216,0.5476736358255379,0.0773612539311378,0.04941677308041814,0.8571461414491612
0.006414981680433418,0.4803522332586444,0.1642690034008023,0.62368863909125,0.8535511492197494
0.6431680594678186,0.752382194694277,0.061149702517085625,0.43922109438434687,0.6316607780608765
0.3354757800723619,0.04316450348616285,0.8704475890183133,0.5896245546292641,0.34900997596765415
0.16572249166707598,0.5541520556686139,0.9523558347338168,0.30847581860970874,0.1177899281184085
0.3756488947413136,0.4864769253803275,0.3971456548668625,0.26223302058979325,0.5715254629879543
0.719667333151679,0.17084715401791273,0.9984835566571886,0.81130599247484,0.9399995542219931
0.20488637125206333,0.137988665226645,0.13246622798747887,0.40594390976613126,0.8853511478343179
0.11678551923225156,0.3750174336273312,0.2145036012976166,0.8469937283006533,0.3654160208122793
0.9794066814669329,0.63499416570591,0.49206432058618477,0.14872608349044403,0.7197536841903558
0.4633249637381779,0.8046554429105421,0.06735186268047799,0.7529213184946468,0.6930844571619066
0.38650097543537987,0.1531848998052442,0.9577627317692716,0.9437026417615753,0.9014259887279626
0.28280856598746307,0.7083969646829542,0.4978779741117063,0.7535852268205274,0.26110981194267224
0.6670047765363447,0.965249107040848,0.17463743955383892,0.427824519718338,0.513725624684884
0.4287080082358684,0.926025173959187,0.7540133580763657,0.34971721807710343,0.8620181724938872
0.8325008468218319,0.3764012131659804,0.9421662975532545,0.04994135256768728,0.6921060849873408
0.5109162803261229,0.27380369052634146,0.6553462705890655,0.3764935936498133,0.4536692054609377
0.2627916624502683,0.1647443787448385,0.06648461330042121,0.7966486983424447,0.5048757000491735
0.845501140145156,0.5358218659297731,0.6415575733122878,0.4259587848558871,0.6827934119948036
0.6115263864259392,0.92867061749064,0.3961338686973561,0.8139909798719817,0.8562103798962152
0.5163321700994151,0.26419587899600083,0.7865745775202531,0.3296020797323359,0.42792380472777813
0.3457756382848167,0.5566452473160618,0.8424600786759662,0.35624740434530044,0.8824784790510363
0.23829131932823788,0.28685746173542237,0.97630749045827,0.7431824881726411,0.5817481969344498
